**Original distance matrix:**
[0, 127, 245, 310, 405, 411]
[127, 0, 226, 291, 385, 398]
[245, 226, 0, 287, 386, 385]
[310, 291, 287, 0, 211, 214]
[405, 385, 386, 211, 0, 157]
[411, 398, 385, 214, 157, 0]

**Full UPGMA distance matrix:**
	seq0	seq1	seq2	seq3	seq4	seq5	node6	node7	node8	node9	node10
seq0	0.00	127.00	235.50	362.00	362.00	362.00	63.50	283.50	255.75	117.75	181.00
seq1	127.00	0.00	235.50	362.00	362.00	362.00	63.50	283.50	255.75	117.75	181.00
seq2	235.50	235.50	0.00	362.00	362.00	362.00	172.00	283.50	255.75	117.75	181.00
seq3	362.00	362.00	362.00	0.00	212.50	212.50	298.50	134.00	106.25	244.25	181.00
seq4	362.00	362.00	362.00	212.50	0.00	157.00	298.50	78.50	106.25	244.25	181.00
seq5	362.00	362.00	362.00	212.50	157.00	0.00	298.50	78.50	106.25	244.25	181.00
node6	63.50	63.50	172.00	298.50	298.50	298.50	0.00	220.00	192.25	54.25	117.50
node7	283.50	283.50	283.50	134.00	78.50	78.50	220.00	0.00	27.75	165.75	102.50
node8	255.75	255.75	255.75	106.25	106.25	106.25	192.25	27.75	0.00	138.00	74.75
node9	117.75	117.75	117.75	244.25	244.25	244.25	54.25	165.75	138.00	0.00	63.25
node10	181.00	181.00	181.00	181.00	181.00	181.00	117.50	102.50	74.75	63.25	0.00

**dot representation:**
graph UPGMA {
    "node6" -- "seq1" [weight=63.50000, label="63.50"];
    "node6" -- "seq0" [weight=63.50000, label="63.50"];
    "node7" -- "seq5" [weight=78.50000, label="78.50"];
    "node7" -- "seq4" [weight=78.50000, label="78.50"];
    "node8" -- "seq3" [weight=106.25000, label="106.25"];
    "node8" -- "node7" [weight=27.75000, label="27.75"];
    "node9" -- "seq2" [weight=117.75000, label="117.75"];
    "node9" -- "node6" [weight=54.25000, label="54.25"];
    "node10" -- "node8" [weight=74.75000, label="74.75"];
    "node10" -- "node9" [weight=63.25000, label="63.25"];
}